nh_total_pre: 6944.998
nh_total_post: 51.888
nh_pred_true: 51.888
nh_pred_false: 6893.11
nh_valid_pre: 37.575
nh_valid_post: 35.646
nh_noise_pre: 6907.423
nh_noise_post: 16.242
acc: 0.9973068222403526
valid_recall: 0.9501687255203723
valid_precision: 0.7157068280540556
noise_recall: 0.9975822370052337
noise_precision: 0.999705943107605
