nh_total_pre: 6896.167082755433
nh_total_post: 82.45832177531207
nh_pred_true: 82.45832177531207
nh_pred_false: 6813.70876098012
nh_valid_pre: 40.19541146555709
nh_valid_post: 40.04665973185391
nh_noise_pre: 6855.971671289875
nh_noise_post: 42.41166204345816
acc: 0.9937084230859138
valid_recall: 0.9964974969228487
valid_precision: 0.5283892174201159
noise_recall: 0.9936891747854729
noise_precision: 0.9999774673272491
